0.209896
0.207988
0.787285
0.209986
0.630006
0.660242
0.667079
0.180822
0.77715
0.209497
0.642485
0.225038
0.703723
0.197582
0.768533
0.201538
0.753829
0.20304
0.730708
0.154265
0.764074
0.20398
0.712626
0.00999654
0.783973
0.188344
0.757198
0.0589138
0.723871
0.101415
0.770408
0.00197233
0.773482
0.0895894
0.679199
0.771566
0.639741
0.659048
0.390988
0.693852
0.721229
0.782425
0.78666
0.766801
0.00393533
0.420734
0.765541
0.787305
0.678836
0.712588
0.783273
0.78489
0.328221
0.721308
0.760284
0.77759
0.484365
0.758318
0.755038
0.776547
0.344649
0.763823
0.668785
0.728687
0.331995
0.759524
0.61662
0.697595
0.313284
0.734669
0.585368
0.674818
0.35715
0.695887
0.596687
0.677201
0.455923
0.6644
0.664882
0.678412
0.590997
0.659146
0.771471
0.62074
0.665491
0.662685
0.786492
0.606661
0.640497
0.678556
0.787249
0.640336
0.59964
0.701321
0.774713
0.635727
0.561176
0.711996
0.748331
0.593347
0.517486
0.717127
0.727477
0.531878
0.474754
0.714571
0.713996
0.466056
0.44585
0.708328
0.707727
0.407921
0.436403
0.701582
0.707214
0.363165
0.444391
0.69638
0.710432
0.332068
0.464467
0.693336
0.71513
0.312611
0.491067
0.692222
0.719282
0.302515
0.519461
0.692639
0.721373
0.299762
0.54614
0.694311
0.720449
0.302606
0.569039
0.697095
0.715947
0.309558
0.587394
0.700841
0.707438
0.319337
0.601232
0.705251
0.694402
0.330709
0.61082
0.709752
0.676145
0.34227
0.616342
0.713418
0.651922
0.352219
0.617864
0.714898
0.621335
0.358199
0.615495
0.712261
0.584886
0.357312
0.609562
0.702669
0.54432
0.346649
0.600395
0.681958
0.502011
0.324895
0.587066
0.645058
0.458983
0.29508
0.565121
0.589551
0.412238
0.267452
0.526852
0.524096
0.355445
0.257118
0.471031
0.470173
0.290786
0.261136
0.410088
0.422846
0.214642
0.275943
0.349699
0.375394
0.136601
0.264206
0.267243
0.266278
0.00432978
0.291684
0.173188
0.216723
0.0351928
0.109305
0.0454349
0.0335724
0.0829486
0.0369708
0.0451454
0.0350472
0.0427373
0.0161401
0.045095
0.0427224
0.00827886
0.0366457
0.0387906
0.0355166
0.00682246
0.0270468
0.0313096
0.0273938
0.00723977
0.0192367
0.0247655
0.0211804
0.0058525
0.0150493
0.0194213
0.0164993
0.00428307
0.0120224
0.0151101
0.0127541
0.00311009
0.00943013
0.0116266
0.00973287
0.00225397
0.00727123
0.00883245
0.00733212
0.00159808
0.00554138
0.00661582
0.00544515
0.00109006
0.00417235
0.0048711
0.00396971
0.000698954
0.00309362
0.00350663
0.00282071
0.000400975
0.0022467
0.0024444
0.00192993
0.000173359
0.00158617
0.00162091
0.00124119
9.84396e-07
0.00107351
0.000984658
0.000709952
0.000133782
0.000677005
0.000494722
0.000301774
0.000235382
0.000370346
0.000117736
1.27036e-05
0.000312988
0.000134888
0.000171577
0.000253393
0.000372921
4.58003e-05
0.000393354
0.000437788
0.000418386
0.000184731
0.000562977
0.000579124
0.000453321
0.000291363
0.000693296
0.000687639
0.000480632
0.000372803
0.000793011
0.000770493
0.00050046
0.000435982
0.00086891
0.000834012
0.000516182
0.000484011
